98115
92696
83500
34832
36901
68714
96088
92708
93577
97767
96946
55334
98146
98153
62552
92474
98258
96240
98560
57174
98343
98358
92876
98114
58277
92599
93408
98522
95255
98085
98359
98202
92615
94443
95296
96002
86948
39651
94734
93828
94967
98255
95415
93633
95967
98118
98361
98120
98117
93642
93393
92752
96822
93488
94767
35998
98440
98135
94271
98064
67883
92578
98524
40040
93405
96236
38285
95700
94646
95994
88792
83504
39856
94306
98442
92824
94901
98010
38527
92979
98257
94249
94136
98619
98620
93948
98306
92918
92144
93058
92667
77401
98145
92277
93069
98136
98112
98121
43135
34702
75288
98621
94084
98256
35979
87244
51664
94910
98149
92324
98148
94824
95249
95755
94822
93634
93710
92806
96007
98525
98444
98357
66927
98119
98259
97615
98152
94161
96211
98150
93991
92826
98134
98151
93361
53635
98122
98523
54460
98526
93697
93204
42507
81385
93026
95649
80219
98050
42666
98441
98147
93491
98116
98609
98443
98075
94643
98113
98360
94334
88687
98029
98097
97502
84917
94073
92875
98133
